.Random.seed <-
c(403L, 10L, 356685060L, -1759201721L, 394371357L, -766218348L, 
1954337594L, -1081663611L, -360879009L, 1773938406L, -641610384L, 
310752915L, -1416499407L, -851348000L, -441052546L, -152166135L, 
-1639824581L, -66897142L, -9006356L, 462180207L, 1093636261L, 
-14247332L, 284695090L, 1585254701L, 438114279L, -1462403314L, 
1320153320L, -61447445L, 2111155081L, 1862080280L, 818027078L, 
1296882337L, 589552947L, 944620706L, 1004219284L, -1680879081L, 
2056279565L, -1614761180L, 20270858L, -1381318027L, 575357391L, 
-696202538L, 854191744L, 518934723L, -810054047L, -2089105712L, 
-1845821394L, -1491360295L, -857114133L, -674124710L, -144034276L, 
-1287358689L, -2073523339L, 199266828L, 1132094434L, 1749758141L, 
-1379868873L, -1447753762L, 709727512L, 1212627067L, -2139636199L, 
-2002020696L, 1704031318L, -1482567471L, -1969771389L, 682053394L, 
-951657820L, 206775911L, 52475837L, 1806657844L, 1731775130L, 
716441829L, -1129416065L, -96541690L, -1583679600L, -231425485L, 
-679841327L, 198046592L, 170798686L, 1060836777L, -1423379365L, 
1230523498L, -1554115316L, 843020111L, -1698307067L, 671062716L, 
1364962194L, 638953613L, -624447801L, -1000101970L, 1763848712L, 
-1413597685L, 140443369L, 1671043512L, -428353946L, 1438102273L, 
914879891L, 1561890370L, -1676021260L, 846892023L, -1735020563L, 
187914372L, 1050132138L, 1095676949L, 1494459567L, -49272138L, 
1928128736L, -330214365L, 1897024321L, -1296017872L, 839115854L, 
2121346233L, -1674860341L, 459683194L, 928958588L, 8002751L, 
-1293166187L, -1416482388L, 1865253762L, -402200227L, -637245353L, 
470818622L, -79296648L, -1130763173L, -1898374215L, 770288136L, 
-1639567178L, 1602414577L, -1156648413L, -1291240846L, -118030140L, 
1681327751L, 2114371165L, -465952684L, 321487482L, -562587195L, 
-2119963873L, 1558398630L, 1464981552L, -1467118893L, -1805475599L, 
-1340699616L, 896096958L, 1223290569L, -82547589L, -811990454L, 
-411568468L, 629240239L, 878500197L, 795723548L, 61492082L, -277895187L, 
1664059431L, 53547086L, 404444328L, 1400249003L, -2115178551L, 
1005159384L, 689529478L, 636662625L, 373470963L, -1642190494L, 
-216737836L, -1864326441L, 182806733L, 426336356L, -996880822L, 
962337717L, 958310159L, -1223986154L, 1023368896L, -1200338813L, 
2132796577L, 102304400L, -329139858L, -1573021927L, 131468203L, 
600168858L, -507937444L, -207874977L, 488000565L, 1594382284L, 
-2142436574L, -102302339L, -1193439625L, -1185171554L, -1648093608L, 
-1639219269L, 1501401433L, 844204776L, -1679011050L, -88419183L, 
-151582397L, 137462866L, -1048635676L, 1142903079L, -1429503619L, 
-216872844L, -1792202150L, 928081573L, 1319744703L, -2096953530L, 
-775281200L, 1814132723L, -1795567855L, -1863807168L, -1194297570L, 
-1820596247L, -2132538085L, 834070314L, 715880524L, -1674031089L, 
-1218897083L, 923372796L, 25885522L, -1460396851L, 453303431L, 
-744331410L, -1533273784L, -1543250613L, -1213759319L, 1538433528L, 
1117458726L, -636530111L, -1872749613L, 1899391362L, -1728471628L, 
-555931337L, 1331051565L, 1242849828L, 880575032L, 1515682330L, 
1383030992L, 985269820L, 1702907028L, -865860478L, -985815104L, 
-777913028L, -1941205360L, -61168606L, 2145898504L, -1023124340L, 
911937564L, -1604258670L, 1505897600L, -315014124L, -1940569304L, 
1074779194L, 685518032L, 411882604L, -2062047564L, 1882845202L, 
915931104L, 1168337868L, 1027857888L, 624057378L, -956979928L, 
819599628L, -1695871428L, 770634994L, -1905309456L, 1571292996L, 
1385566296L, 1544208954L, 290355440L, 1691275964L, 2073557524L, 
214297794L, 1000293984L, 1409275260L, -600623920L, -178142174L, 
1406380200L, -1670492788L, 2100392380L, -359933902L, 1876263744L, 
-1919660364L, 1220796744L, -596131142L, -478888176L, 256549100L, 
-247306156L, -1354176750L, 447635872L, 539428812L, -1024467104L, 
-202867518L, 1728843304L, 842979756L, 802644796L, -1579994254L, 
-206852304L, -506863580L, -1267610056L, 1321685722L, -1139263600L, 
1517384956L, -492692076L, -720538814L, 1265969664L, -1949439940L, 
1596985936L, -1260941150L, -1696193720L, 2053278220L, -801498404L, 
-283357102L, -1093391232L, -327358636L, -1131065368L, -330824966L, 
-173226160L, 1636279340L, -1545709196L, -1458106734L, 736272992L, 
917196940L, 792596832L, 630511842L, -297227096L, -322541876L, 
-1974330884L, 114547634L, -470703120L, -1643195964L, -1843065512L, 
-677420678L, -192417360L, 357206460L, -884916652L, 1282529730L, 
967926560L, 786576316L, 1631367248L, 2114739170L, 1497792360L, 
1636284236L, -883552516L, -2096163086L, -836715264L, 2071432308L, 
-1057665528L, -934033990L, 1234269648L, 2005874668L, 15485844L, 
-1525790510L, -1705024416L, -971829940L, 1564513056L, -1175831934L, 
-650280472L, -1769194516L, -785187268L, -209115534L, 1692380016L, 
-1451107036L, -563365320L, 625602970L, 140799440L, 1305183676L, 
978611860L, -193273214L, -401777216L, 1937291068L, 257471120L, 
-879724766L, 1797371400L, 612434700L, -324107364L, -1079337966L, 
957770624L, -1039492332L, -1389169368L, 1555378234L, -1142045744L, 
941292140L, 16600116L, 1215246482L, -19678880L, 1419959628L, 
-1408674336L, -464888926L, -1326195800L, 2126371980L, -1234783300L, 
841557106L, 872630256L, -804346812L, 1853147224L, 14942266L, 
-1106425744L, -1659830724L, -174954732L, 738986690L, 1855345376L, 
1517126780L, 1376537808L, 568841122L, -1048343000L, -1337655028L, 
1679001532L, 1331245362L, -511059776L, -449703372L, 1294785224L, 
913900218L, -72430448L, -1468070164L, 549869140L, -1117919598L, 
1985980192L, -1318651956L, 1647634656L, 1837977282L, -1803430872L, 
-922641492L, 669469372L, -1938005518L, -1885477328L, -1173162076L, 
-1850064456L, -223962278L, 432182416L, -507339908L, -1353965804L, 
229825858L, 291049216L, -1392690244L, -986505392L, -301735646L, 
1426238024L, -1070262260L, 1864141916L, -993685038L, -937978368L, 
1645490516L, 1170940136L, -439529222L, -1705417008L, 64506156L, 
1882978548L, 1003613586L, 98666848L, -1788803060L, 1337993952L, 
-1317395870L, -1590642008L, 1858746956L, 1150928764L, -686600910L, 
-1046993296L, -1943749820L, 282576856L, 646471546L, -429185712L, 
338430958L, -2113145701L, 126902013L, -234314262L, 1568831112L, 
1706770481L, -839312733L, 1210442404L, -929172654L, 1689623207L, 
686147313L, 1155327542L, 836758228L, 2020130405L, 1298582639L, 
1012053672L, -2006191098L, -709664461L, 2123840917L, -1161416206L, 
-1566327232L, -532602967L, 363790875L, -886047764L, 372849658L, 
-1995868113L, -1956972487L, -1813329330L, -2059449700L, -34516979L, 
-909243273L, -1786442624L, 843360990L, -205760085L, 948196013L, 
-660486374L, 662165464L, -1167502271L, 951886579L, -266607340L, 
-292499294L, 1746980279L, 896467329L, 129333126L, 830076356L, 
986137845L, 574131551L, 1781931960L, 920777366L, 357915811L, 
-1483032987L, -2066771070L, -945936L, 337787033L, 1835045003L, 
-1659963012L, -319215702L, 556906463L, 851932521L, -280794754L, 
761813356L, 465322429L, -760606073L, 981427824L, -1512862450L, 
-935300549L, -1668277987L, -426857526L, -987831064L, 679401425L, 
1100384707L, 966480580L, 365539698L, 2005761095L, -1002737647L, 
-1531283050L, -934281996L, 1331017349L, -26411057L, 1065316040L, 
-1430419610L, 740654483L, -1536762123L, -481820974L, -1103697632L, 
1149421833L, 864673339L, -1877093492L, 1223651866L, -1800424817L, 
-2145706535L, 1068892782L, -799534596L, -1146420371L, -1464177385L, 
857409760L, -1311887682L, 1452522635L, -1765623027L, -1924707526L, 
-2117753992L, -1876922079L, 528390611L, -388511500L, 230623618L, 
-390489065L, 1773562593L, -831704026L, -1473310428L, 1953747413L, 
-1686860417L, -1457556456L, -2004116682L, 1123655107L, 1853502469L, 
-2062086238L, 1121061776L, 152801081L, -1534723093L, 296578268L, 
1058452746L, 636763135L, -219251127L, 1406888926L, -384674932L, 
573346653L, 1695863655L, 1301690512L, -2135759186L, -1508277413L, 
359207741L, -1494312534L, 393705032L, 1799898737L, -340150301L, 
-74038556L, 79075858L, 484429287L, 2141280689L, -1699942410L, 
-1240419820L, 1660665125L, 589123119L, 1250180072L, -1973236538L, 
