.Random.seed <-
c(403L, 146L, -725444797L, -1115057265L, 659001477L, 1627867685L, 
-1381238780L, -1717565207L, 440757906L, -1657630029L, -864996659L, 
-156326224L, -1612143580L, 322697358L, -1583876719L, 192448490L, 
-2112550515L, -2085234930L, -163092648L, -384284112L, 1514047577L, 
-1910660269L, -2109830896L, -2121558399L, 1405762633L, -687827837L, 
-651492644L, 82049479L, 883030053L, 1298185152L, 1571147403L, 
768247535L, 1704215208L, 1395383059L, 1187050254L, 1734173807L, 
101324149L, 1261553459L, -533363443L, -235076770L, -522400846L, 
61501311L, -2057903798L, -2022239157L, -2019150015L, 608471711L, 
138695435L, -1653450327L, -1971031060L, 1178683217L, -417278859L, 
1345076033L, -116591251L, 379155165L, 1283790949L, 1994383644L, 
263228669L, -496142353L, 1897502189L, -1398211070L, 1060873863L, 
-1418339635L, -2081398773L, 1591428771L, -823190861L, 2011031590L, 
583925040L, -1408799470L, 1569246412L, -2044905734L, 565301602L, 
651072770L, 1585841324L, 1842267852L, -195219825L, -1557688062L, 
1326379142L, 211248997L, -1019520506L, -1796998325L, 986519414L, 
-519294597L, 725661264L, 1700933339L, -28351309L, 1847631025L, 
614882551L, 1234457182L, -541042788L, 1063972397L, 1068308184L, 
352216202L, -355511344L, 367858334L, -461391921L, -752543615L, 
110957153L, 1580012060L, 783199220L, 936193930L, -1623285775L, 
249840786L, 861717155L, 1612156331L, 1879754400L, 1386341532L, 
-1286381684L, 1937948284L, -94114950L, 1370090699L, -2125619004L, 
-495464073L, 1532235388L, -1755784232L, -1113271152L, 1768452651L, 
-440798693L, 333505647L, -1281058868L, -712968825L, -2028944297L, 
-973519091L, -117037246L, -2035901595L, 1995033324L, -1866467666L, 
129342366L, -22185384L, -1098940836L, -814459847L, 1013548860L, 
-1586524545L, -1296929673L, -66348523L, 942286178L, 1146007605L, 
-324885208L, 1870052874L, 1766013128L, -1547320110L, 149745174L, 
-1671794480L, 1460396100L, 51490375L, 1798955403L, -311185607L, 
-223281002L, 212373614L, -1054033776L, 1298190155L, 341218483L, 
-12020623L, 1592027030L, -1533640698L, -803070745L, -36325663L, 
1763202848L, 951989132L, 1125156697L, -1656718552L, -265493788L, 
-633105303L, -1822337674L, 1369671937L, -1919270816L, 30387745L, 
758049466L, -799781364L, -1114566512L, -1851644671L, -815320103L, 
1401194919L, 680827771L, -1515314854L, -1957500723L, -1692108454L, 
2035253960L, 1916502941L, -1695641270L, 1253013903L, 273709583L, 
-119290734L, 783065563L, 1849439415L, 16438282L, -1678956283L, 
611939459L, 94886747L, -211030145L, -850510035L, 1770382214L, 
2053844941L, -606515957L, -1137585378L, 557350308L, 1595088235L, 
1757883414L, -1116861768L, 669185094L, -962067827L, 1910598345L, 
-1116466889L, -497986392L, -1912754160L, 2081553159L, -145660339L, 
1696943143L, 1021630649L, -1716115457L, -1427332654L, -1699314779L, 
1101220085L, 47443311L, -1200317441L, 1961719627L, -1946704445L, 
1697957783L, -1056783447L, 2077352836L, 1531067521L, -1799718688L, 
-659193137L, 192318365L, 2128121038L, 1642933557L, -1791012096L, 
1857972933L, -15946421L, 1814542542L, 729017788L, 1862899192L, 
-1091370983L, -1992950274L, 1294464759L, 1492235215L, -900543426L, 
-300706683L, 699022677L, 34998685L, -535220696L, -1056846243L, 
-1358218580L, 1892653908L, 1160566931L, -1842039112L, 1930088782L, 
147074298L, -1115707895L, -1510881366L, 1657821866L, -919383979L, 
-613860226L, 1937657249L, -1152309313L, 40881986L, -1705190196L, 
192322839L, -952516947L, 2143485914L, -933897042L, -1855050643L, 
-882242193L, -1536750990L, 840717614L, 1548834505L, 313648506L, 
-2058061953L, 201530581L, 2131485371L, -1631323612L, -673287450L, 
1280750814L, 1828407263L, -1855791559L, -1504537746L, -1774354697L, 
-76596011L, -1532630009L, -656493335L, 1041079032L, 624067946L, 
-992597993L, -1541142681L, -1229464218L, -1891167565L, 817870082L, 
-1363032212L, -2049691491L, -755969428L, 794464679L, 668775736L, 
-1168524620L, -2003356530L, 1858727322L, -1207510824L, -388160148L, 
-2047265394L, 526796181L, 11905836L, 1477032267L, -1248876128L, 
702562153L, 12418569L, -497541788L, -1859879873L, -1388078611L, 
-1353584720L, 1826537519L, 2087555435L, 136977518L, -1775026208L, 
-660766017L, 1954022946L, -628724607L, 1766103388L, 596802003L, 
720274618L, -33407662L, 521545297L, 984325968L, -799878631L, 
1505388698L, 947098775L, -324374898L, 70860501L, 1933599393L, 
-115245824L, 1642340355L, -1795058307L, 343235357L, -961364542L, 
-200106731L, 1149840670L, -1357432100L, -1785133088L, -2097559282L, 
1520147853L, -1640154868L, 1566618784L, 1754679485L, 246942629L, 
570083290L, 798356244L, -1748333845L, 593001267L, 1745521285L, 
-1089300279L, 1820700295L, -1668419242L, 993160596L, 894746150L, 
-868831455L, 2021901598L, 471147844L, -847057456L, 600504684L, 
-2135255171L, -1850859202L, 832172495L, 2094399793L, 2015915600L, 
-1955564983L, -280662512L, 1548852260L, -1727733148L, -1607973265L, 
-1933135649L, 904722305L, -931147081L, 1004362278L, 744102153L, 
190876410L, -1477243419L, -1728986968L, -964758725L, -1383856902L, 
-405350138L, -1793664637L, -1099941621L, -1118320193L, -831938695L, 
-1838296900L, -581930590L, 357025648L, -799427212L, -129997398L, 
1465473681L, -1380748469L, -1595081890L, 194040176L, 412465993L, 
-607414731L, 1721778247L, -605996045L, -1424813641L, -1748484398L, 
-636600784L, -1851360773L, -346345215L, 1508314171L, 225076743L, 
-132960807L, -2019512083L, -1792732764L, 1202670130L, -2089901845L, 
-862307831L, 961977431L, -1914517815L, -661926034L, -954577942L, 
-381779474L, -2135545489L, -1459764953L, -1722923414L, -2145326308L, 
-583092455L, -1792781449L, 1093773536L, 1502003221L, 32522159L, 
1160570135L, 1087346417L, 1820489186L, 1559000292L, 893166085L, 
1095732771L, -1432830424L, -454755852L, -468420107L, 194366074L, 
1067950959L, -851528858L, 698708765L, -1499456542L, 1876525728L, 
1387838282L, -1234617941L, -1637740698L, -1936684689L, -1158017500L, 
1916899476L, 1948663477L, 938630926L, -1246934069L, -855794042L, 
-780286863L, 1898286468L, 664318299L, -1724647590L, -127641343L, 
1120129941L, 35776039L, -569662045L, -994034854L, 1392154554L, 
-2025180961L, -1973482427L, 1341935159L, -961074054L, 723729763L, 
1313608357L, 66516543L, -1838794466L, 602002462L, 1145337947L, 
974385548L, -1720903254L, 1555971383L, 1851022132L, 750737751L, 
1656269193L, -2026931156L, 1409949004L, -1868451625L, 1366888792L, 
1025073291L, 836956018L, -559837131L, 1599888701L, 1231123836L, 
80418144L, -432735826L, -837820159L, -690435685L, -646935581L, 
-1125187754L, 2070388110L, -377833881L, -903783438L, -2134074585L, 
1947412140L, 517054745L, -715437557L, -1970025208L, 1149148170L, 
-1001191888L, -1204173091L, -189299069L, -1170868593L, -648128806L, 
1710285108L, -2062660092L, -2043704293L, 1594706960L, -1934594449L, 
-1427092609L, 590977404L, 1758220220L, -1448858094L, -2130833541L, 
2096605598L, 521230172L, -207552746L, -1740164144L, 1185712200L, 
1485517163L, -126438021L, -1982632625L, 1895182497L, 369676740L, 
-1141252281L, -708276304L, -1471766529L, -1784784024L, -1919277944L, 
895950925L, -266218002L, -741651484L, -1481993171L, -2131753237L, 
-1254712545L, 2126490918L, -1681195143L, 66694440L, -692416183L, 
1546569396L, 182822004L, 640602030L, 1135737981L, -543907932L, 
229326471L, 58807742L, 1977770723L, -201329099L, 1850211714L, 
1973221413L, -999968271L, -913259263L, 1074537264L, 1210992496L, 
-623256532L, 381507734L, -1966137600L, 1706497359L, 31915262L, 
1776035900L, 385399338L, -1410858469L, -293927237L, -749867162L, 
-1209738698L, -1831820855L, 31122529L, -1646254883L, 1276684654L, 
-903047493L, -2137777135L, -1493316685L, 1666664617L, -1900032901L, 
1077705436L, -1126419756L, 1659640608L, 1188893691L, 176621426L, 
451507460L, 1689996299L, -1452762658L, 1718671529L, -1026654944L, 
-1433073805L, -473334844L, 879442039L, -1688873636L, -496626182L, 
219442095L, 1330766296L, 589197783L, 1817372742L, 959148057L, 
191631403L, 915548004L, 1439401860L, 278834804L, 1402265306L, 
-837677259L, -255669348L, 1450254415L, 154340997L, -1893384882L, 
