.Random.seed <-
c(403L, 10L, -1980412102L, -1218464891L, -1220695969L, -584492314L, 
-52584080L, -844273005L, -1505995983L, -33680928L, 1738106494L, 
-899543799L, 214884155L, 580187914L, -96409876L, 1637995375L, 
-746216283L, 171284060L, 2082430514L, 479755565L, -263214105L, 
213207822L, 353955048L, 2032256747L, -613881975L, -585395432L, 
315401798L, -537512287L, 688216371L, 2011920546L, 1536243604L, 
260232727L, -21233139L, -306800860L, -400370934L, -97313163L, 
-1604493873L, -523270442L, -1275164032L, -2039089981L, -1955630495L, 
-201504048L, -666866642L, 637485529L, 1482595819L, -656279462L, 
2113813020L, 446339871L, -1228845195L, -1373923828L, -13905950L, 
1397273789L, -1854737609L, 940530654L, -306308840L, -1249088389L, 
906809881L, 690688680L, 587020374L, 1931089105L, 1667199107L, 
2146304786L, 929568420L, -1255767449L, -1917822019L, -2107599564L, 
-111235430L, -1094206235L, 1696349823L, 470034438L, -1134408816L, 
-1256729037L, -1919629871L, -913549440L, 1722714718L, -81579607L, 
1635000411L, 1575680106L, 548477196L, 1933325135L, 2093084677L, 
897355452L, -779270254L, 170177677L, 525398727L, 1860199342L, 
-1596539384L, 1254814219L, 2146820841L, 1095404984L, -940447130L, 
299013889L, -2056150637L, -2110358974L, -1682829836L, -1463011337L, 
-2067354643L, 1413235844L, -559031638L, 322637845L, -618637137L, 
1743582902L, 646874336L, -1513895901L, 1009686337L, -2129536464L, 
-2030516146L, 941045945L, 1638853835L, -943066758L, 164031612L, 
-1298544449L, 1341095317L, -525845076L, -951314558L, -2106852003L, 
1878340695L, 322720574L, 323255160L, -1045415845L, -560955463L, 
-1004651000L, -121738058L, 546143217L, 1761822243L, 201193074L, 
-112775996L, 1461103239L, 1427612253L, 1526539348L, 567619194L, 
-561574459L, -984633569L, -914842970L, -1501225936L, 959807187L, 
-1992237839L, 885405728L, -1972199746L, 827751113L, -781905797L, 
2143080010L, 1442839212L, 1532243375L, 623713637L, -1418671332L, 
921644914L, -434846739L, -408812505L, -2112955314L, 1939251368L, 
571412139L, -571905079L, 1412892632L, -1145090426L, -1415800991L, 
162564851L, 1914246498L, 169206740L, -2016278825L, -1990628147L, 
-117543836L, 47456842L, 725723061L, 1081506575L, 1624262678L, 
992481984L, -1083825021L, -1742778207L, -1317562736L, -727251602L, 
-1833241831L, -1090160725L, -88271462L, -1778618020L, 1398704223L, 
-944306123L, -1612821556L, -1393131742L, 1834344829L, -1983739273L, 
-579742818L, 484336216L, -977417285L, 97025369L, 1613657832L, 
123750166L, -97646447L, -872020669L, 1763229778L, -590142748L, 
1058239783L, -1631793795L, 8176756L, -453243302L, 1533115045L, 
1230094527L, 1892303686L, 1597739472L, 405091315L, 1665665809L, 
-1200424128L, 2131690270L, 1086999529L, -935657189L, 1166326570L, 
-1556841396L, 713045007L, 1505902405L, 1318623484L, 1061660498L, 
324757709L, -1637599097L, -1386370194L, -1972323000L, -1614304949L, 
-1080886103L, 728568L, 455951654L, -1372047807L, 938360787L, 
-389343870L, -1641383500L, -381713097L, -1763389395L, -709616316L, 
-1150117270L, 1601139925L, -1561558417L, -1660824004L, 587125908L, 
-319265662L, 294170560L, -1949723332L, 42231440L, -1974748126L, 
1186449416L, 1315566732L, 1936148508L, 1522353298L, -1900512128L, 
-1709392876L, -1927146712L, -159593414L, -392495920L, 1506593900L, 
-1633143116L, -588914670L, -1550663712L, 463041484L, -231983648L, 
-1391100894L, 1530623272L, 74178828L, 790781500L, 1007834354L, 
-234219280L, 1290897220L, -994951080L, -373245382L, 1758423280L, 
-1091980612L, 1437782548L, -999273278L, 717645408L, -1435323012L, 
200690896L, -1057252318L, 778750120L, -470418036L, -426038852L, 
280696882L, 211319616L, 1257424564L, -1183780536L, -1316281670L, 
1022318352L, -476428052L, -1890396076L, -267555054L, -1958411872L, 
-2053140532L, 1122391904L, 130790594L, -1813848536L, 1398655404L, 
-164113604L, 186643314L, -525641936L, 311863332L, 1996832312L, 
-265530662L, 280815504L, -1327158020L, 1961072020L, 1563382594L, 
-1879373312L, -1846712260L, 1208232528L, -1796587358L, 1276007240L, 
1021338124L, 426095324L, 1218291794L, -149869440L, 2055368532L, 
-458965016L, 1170930426L, -1542324400L, -1259105236L, -668847756L, 
392885906L, -1159062944L, -128657268L, -169440928L, 1249257698L, 
-845912920L, -1091232052L, -690705924L, -1737247822L, 2089548784L, 
-1430607420L, 699755864L, -1034528390L, -573695568L, -631430724L, 
-419656108L, -1899710014L, -1211348192L, 1300650940L, 872804432L, 
1865294818L, 1833338728L, -1936695476L, -1653502212L, 1621446386L, 
1359449344L, 251470964L, 933162504L, 1449672122L, 908019152L, 
-1523879956L, 1560562580L, 1309716690L, -616678304L, 30700876L, 
1693485856L, -269567358L, 181690856L, -457104404L, -506341828L, 
887422578L, -1110510736L, -1448260316L, -1701389768L, 1991299482L, 
-1035319856L, 339928508L, 740460180L, -1006452094L, 2002687424L, 
-647991492L, -1533185392L, -743987422L, -441166328L, -1394867444L, 
-573138020L, -894254062L, -256699520L, 1684933396L, -1904184024L, 
1210454074L, 480179152L, 1031297644L, 289750068L, -768862062L, 
1844527456L, 211823948L, -892367392L, -429050974L, -186872920L, 
-1711059828L, 589693884L, 315489394L, -1276323856L, 505025604L, 
1227962456L, -1519198150L, 1074376816L, 470799932L, -1538533612L, 
68119234L, -1249946912L, 725142652L, 1910734032L, -505312350L, 
357084712L, -882116340L, 1475041212L, -1293981390L, 711254208L, 
-1755479500L, -2111698232L, -631932230L, 1717765264L, -2083735828L, 
-1401135532L, -637712750L, 152753952L, 1639942092L, 1494491360L, 
178847426L, -1011514328L, 587680684L, 1304566460L, -2142680590L, 
-553249232L, -499759196L, -1894936136L, -1009388710L, -1159613296L, 
-48923780L, -1839040748L, 639765826L, -2031337728L, 709669820L, 
-1094742192L, 1012586786L, 160145992L, 1130409996L, -1654737828L, 
-123371054L, -1597219328L, -1159483052L, -942018328L, 1704677626L, 
-1717958960L, 238735660L, -55996172L, -1688031854L, 79260000L, 
-342972404L, 1912627936L, -246564254L, -1624419672L, 218180172L, 
1167531900L, 453444914L, 2019636848L, -1778592956L, 2092050392L, 
-1941416070L, 719480368L, -291579972L, -630983084L, -89841598L, 
375996906L, 1660611208L, 1297742897L, 1332203171L, 1573332644L, 
466003794L, 1934429863L, 1694970609L, -1693328842L, 1073231572L, 
-263890331L, -1341884305L, 1319836328L, -2119604218L, 861177139L, 
-2072737387L, -1930881550L, -379639232L, 2141438889L, -497148389L, 
-1249658900L, -1936449542L, 162186287L, 1693201465L, -1814124978L, 
1148032668L, -1582748659L, -548704137L, -305153920L, -1667088674L, 
1793070507L, 1942611629L, 540457754L, 1612112856L, 565690433L, 
514256627L, 1404424468L, 587490466L, 1738080695L, 586630529L, 
1568887686L, -1057087036L, -1585559307L, 1305364831L, -1219837000L, 
-371186026L, 1582477475L, 468466277L, 1833987970L, -815127312L, 
639597721L, -558787445L, 1225694588L, 961571754L, -804394017L, 
-1639480983L, -1194201730L, -1249153684L, -2146880067L, -1529301369L, 
-546893200L, 1283930382L, 563570235L, 151680285L, 115089354L, 
648112360L, -1071141935L, -1882632765L, 894338756L, 1009634674L, 
9314375L, 452879377L, -311687786L, 837933300L, -1544547707L, 
-245179441L, -432942392L, -954387610L, -930838125L, -1136622859L, 
935123666L, -376601312L, -1538396919L, -439797189L, 2038230924L, 
-1254871526L, -1848256881L, -1454640679L, 1357891182L, -413325828L, 
1916411757L, 151259415L, 355476704L, 416910014L, 1488750731L, 
-508840179L, 895227706L, -1590677640L, 334775585L, -16984621L, 
-1501924108L, 764415362L, -1359513577L, 426933985L, 758655014L, 
-672649948L, -677390891L, 661051775L, -967866344L, 900691766L, 
-1864543805L, 503046149L, 1417298850L, 1682116496L, -1752061127L, 
-870678549L, -1142955812L, 1934221578L, 586035199L, 281379401L, 
1363863518L, -420223092L, -914622627L, -969969817L, 1946932368L, 
-630457682L, -364325029L, -1286232259L, -625896022L, 303012424L, 
1819884145L, 1266228195L, 2087667428L, -1451287022L, 1090152935L, 
-29129295L, 993608694L, -1539953132L, 1678455077L, -1344710097L, 
